year–usd
1992–6 520 300 000 000
1993–6 858 500 000 000
1994–7 287 200 000 000
1995–7 639 700 000 000
1996–8 073 100 000 000
1997–8 577 500 000 000
1998–9 062 800 000 000
1999–9 630 700 000 000
2000–10 252 300 000 000
2001–10 581 800 000 000
2002–10 936 400 000 000
2003–11 458 200 000 000
2004–12 213 700 000 000
2005–13 036 600 000 000
2006–13 814 600 000 000
2007–14 451 800 000 000
2008–14 712 800 000 000 
2009–14 448 900 000 000
2010–14 992 000 000 000
2011–15 542 600 000 000 
2012–16 197 000 000 000 
2013–16 784 800 000 000
2014–17 521 700 000 000
2015–18 219 300 000 000
2016–18 707 100 000 000 
2017–19 485 400 000 000 
2018–20 494 000 000 000
2019–21 344 600 000 000
2020–20 890 000 000 000
2021–23 000 000 000 000